0.000000 233.773987
3.000000 232.933352
6.000000 231.891891
9.000000 230.797976
12.000000 229.546178
15.000000 228.094126
18.000000 226.629208
21.000000 225.083313
24.000000 223.567210
27.000000 222.015360
30.000000 220.380401
33.000000 218.853831
36.000000 217.376730
39.000000 215.645422
42.000000 213.964909
45.000000 212.211707
48.000000 210.472598
51.000000 208.640891
54.000000 206.868655
57.000000 205.081262
60.000000 203.199006
63.000000 201.388316
66.000000 199.570763
69.000000 197.663232
72.000000 195.838917
75.000000 193.765634
78.000000 191.466052
81.000000 191.897521
84.000000 192.986102
87.000000 194.186118
90.000000 195.477349
93.000000 196.776681
96.000000 198.087869
99.000000 199.106690
102.000000 199.853296
105.000000 200.576508
108.000000 201.214322
111.000000 201.957939
114.000000 202.926332
117.000000 203.714168
120.000000 204.453527
123.000000 205.047657
126.000000 205.630638
129.000000 206.051661
132.000000 206.373009
135.000000 206.488009
138.000000 206.455437
141.000000 206.332961
144.000000 205.846842
147.000000 205.280889
150.000000 204.370080
153.000000 203.154523
156.000000 201.984311
159.000000 200.774754
162.000000 199.543966
165.000000 198.248586
168.000000 196.686700
171.000000 195.245258
174.000000 193.625935
177.000000 191.962288
180.000000 190.264728
183.000000 188.145708
186.000000 187.621637
189.000000 189.713525
192.000000 191.178295
195.000000 192.443691
198.000000 193.282827
201.000000 194.472906
204.000000 195.691539
207.000000 196.546160
210.000000 197.887145
213.000000 198.805247
216.000000 199.958097
219.000000 201.078940
222.000000 202.168134
225.000000 203.291815
228.000000 204.255508
231.000000 205.040143
234.000000 205.419559
237.000000 205.678722
240.000000 205.566053
243.000000 205.203443
246.000000 204.426952
249.000000 203.398346
252.000000 202.035032
255.000000 200.338915
258.000000 198.650419
261.000000 196.989775
264.000000 195.337876
267.000000 193.744605
270.000000 192.169006
273.000000 190.621433
276.000000 189.364805
279.000000 188.094949
282.000000 187.038531
285.000000 186.076113
288.000000 185.087758
291.000000 183.926140
294.000000 182.841238
297.000000 183.175753
300.000000 183.865179
303.000000 184.630853
306.000000 185.300095
